[gd_scene load_steps=3 format=2]

[ext_resource path="res://scripts/CamOrigin.gd" type="Script" id=1]

[sub_resource type="BoxShape" id=1]
extents = Vector3( 0.5, 5.18206, 1 )

[node name="CamOrigin" type="Spatial"]
script = ExtResource( 1 )

[node name="Camera" type="Camera" parent="."]
transform = Transform( 1, -5.34803e-08, -1.15147e-07, 8.14603e-08, 0.965926, 0.258819, 9.73821e-08, -0.258819, 0.965926, 0, 6, 10 )

[node name="Area" type="Area" parent="."]
transform = Transform( 1, 0, 0, 0, 0.993471, -0.114088, 0, 0.114088, 0.993471, 0, 1.28464, 0 )

[node name="CollisionShape" type="CollisionShape" parent="Area"]
transform = Transform( 1, 0, 0, 0, 0.5, -0.866026, 0, 0.866026, 0.5, 0, 2.82291, 4.52021 )
shape = SubResource( 1 )
[connection signal="body_entered" from="Area" to="." method="_on_Area_body_entered"]
[connection signal="body_exited" from="Area" to="." method="_on_Area_body_exited"]
